-143.85355
6.7313538
-21.701538
-211.20619
-238.09091
-153.39868
-196.9658
-472.4548
-335.6277
143.85355
-6.7313538
21.701538
316.33014
-194.49484
-29.71045
426.381
24.258926
-115.41907
-142.02258
9.620117
-30.056885
-210.03128
-240.58397
-165.54517
-191.2149
-474.89435
-347.48755
142.0226
-9.620117
30.056885
339.8783
-160.16576
-12.440186
421.2705
91.03371
-43.804077
-140.36246
10.874893
-36.82434
-209.49344
-233.5948
-173.88367
-183.73694
-468.9912
-353.49634
140.36246
-10.874893
36.82434
352.67752
-130.41661
16.507812
404.8691
138.5218
20.197388
-138.9469
11.613174
-41.962036
-208.05566
-227.5596
-179.91003
-174.77963
-463.9805
-356.86243
138.94691
-11.613174
41.962036
358.40295
-105.804596
52.716187
386.6694
171.69211
74.878784
-136.68637
12.786041
-48.461426
-204.76955
-225.9939
-188.08105
-166.9876
-464.23547
-361.71033
136.68636
-12.786041
48.461426
359.46375
-91.05199
87.859375
371.03693
189.27434
123.96973
-132.77472
14.921387
-57.355835
-202.88083
-222.68367
-197.32837
-158.39557
-464.0487
-364.80798
132.77472
-14.921387
57.355835
354.27722
-79.65759
124.54993
358.53497
201.87265
168.745
-130.05862
15.426727
-63.375977
-198.34409
-220.81013
-203.67383
-150.49191
-465.29938
-365.6543
130.05862
-15.426727
63.375977
344.4161
-69.0009
158.28772
341.84592
211.74376
213.10632
-127.216034
16.59462
-68.774414
-193.7123
-219.30412
-210.094
-145.63342
-467.3647
-366.53345
127.21603
-16.59462
68.774536
328.04364
-74.64479
183.72156
328.0634
205.12315
243.45496
-125.118034
17.562744
-72.49426
-189.44281
-217.94185
-213.44641
-139.95947
-469.30093
-364.0924
125.11803
-17.562744
72.49426
319.4878
-74.78901
205.92285
306.04822
203.52515
268.54175
-123.21216
17.876297
-75.74341
-188.07573
-215.85512
-214.14673
-134.49681
-469.79883
-358.91235
123.21216
-17.876297
75.74341
306.89468
-82.36096
224.255
293.11356
193.33896
297.46277
-121.89748
17.7229
-77.98718
-185.80821
-218.72766
-216.20996
-129.07838
-475.84467
-353.94885
121.89748
-17.7229
77.98718
297.6728
-87.79781
238.02295
274.3329
184.89795
317.26758
-120.71884
18.517105
-79.68469
-187.07436
-223.42471
-218.28455
-128.96268
-483.40616
-349.9928
120.71884
-18.517105
79.68469
291.46118
-90.43611
241.31299
263.0052
177.93736
329.21558
-121.46203
16.253662
-79.07251
-190.80405
-223.12073
-209.83154
-134.60327
-484.88593
-338.96436
121.46203
-16.253662
79.07251
288.24323
-92.87242
242.52869
253.41089
171.41374
334.10657
-122.883865
13.905899
-77.28662
-194.01048
-228.32622
-202.52905
-140.83421
-490.6225
-331.95837
122.883865
-13.905899
77.28662
298.69394
-91.79804
232.53186
246.33841
164.96074
329.67053
-125.26165
10.055695
-73.84094
-198.50488
-234.71333
-188.7268
-146.5596
-494.86334
-322.87585
125.26166
-10.055695
73.84094
312.4395
-78.897736
215.68799
245.11246
166.15616
325.97168
-130.22046
4.576523
-64.35791
-204.88446
-244.91295
-164.59802
-157.67902
-502.68158
-304.80994
130.22046
-4.576523
64.35791
330.9347
-36.654892
173.88892
247.29099
192.5088
303.67114
-136.58331
-4.8972473
-44.842773
-209.22939
-271.68262
-128.36023
-166.54662
-527.3158
-273.80713
136.58331
4.8972473
44.842773
335.2954
24.845333
99.599976
250.60268
242.30125
254.0022
-139.07838
-15.703903
-11.192139
-201.4482
-304.2876
-78.5332
-168.34377
-560.0209
-226.12012
139.07837
15.703903
11.192139
301.404
51.235603
-5.161621
249.45851
322.92847
120.22644
-135.91551
-24.22174
19.539307
-189.0172
-318.20953
-30.886963
-167.6202
-573.5523
-181.04749
135.9155
24.22174
-19.539307
286.51135
73.61722
-102.938965
242.72449
356.10077
-57.150635
-129.32312
-27.92691
45.81482
-173.49786
-322.36182
11.912109
-170.14008
-577.6056
-139.17456
129.32312
27.926903
-45.81482
251.65417
99.3495
-158.64209
226.12775
369.83844
-209.14783
-120.410286
-29.051224
67.48071
-157.1843
-328.3497
39.487183
-174.1571
-583.9431
-109.41113
120.41029
29.051224
-67.48096
217.3288
129.38098
-219.80884
214.68777
383.82028
-333.35498
-113.76549
-28.055634
81.42334
-138.95293
-296.33215
59.753296
-149.70502
-536.3218
-64.204956
113.76548
28.055634
-81.42334
197.62166
143.28
-258.9496
200.97131
386.69046
-408.36963
-109.88954
-27.576385
88.98804
-129.27216
-296.58124
70.63025
-136.33353
-542.1618
-42.137573
109.88956
27.576385
-88.98804
188.54576
150.47835
-280.3766
191.6395
387.65155
-448.73865
-108.137436
-27.535797
92.49194
-123.11302
-297.0124
77.18225
-127.328125
-547.18054
-25.162231
108.137436
27.535797
-92.49194
184.03032
157.68752
-292.27332
186.35854
393.5844
-467.79578
