-132.53221
20.628784
-56.34143
-188.82014
-208.08232
-218.86987
-136.75682
-438.59784
-398.29797
132.53221
-20.628784
56.34131
297.34164
-210.83525
208.031
427.02197
12.878662
291.70825
-131.69264
21.088959
-58.221436
-185.17928
-206.78226
-222.1084
-132.09486
-438.44977
-399.7561
131.69263
-21.088959
58.221436
287.6618
-211.7705
217.74512
410.90833
10.488983
310.0935
-130.70465
21.383865
-60.346436
-177.70932
-201.59737
-222.20044
-124.80218
-434.55438
-398.21643
130.70465
-21.383865
60.346436
276.20724
-212.09332
229.51196
392.8724
9.944153
322.27368
-129.91962
21.719406
-61.94153
-172.56763
-204.79631
-226.17175
-112.82024
-437.04315
-400.80908
129.91962
-21.719406
61.94153
269.02228
-212.33481
237.65442
379.52338
11.57518
332.11804
-129.25194
21.976501
-63.26172
-169.0504
-209.21193
-231.81714
-100.65344
-441.10498
-403.56787
129.25192
-21.976501
63.26172
264.56494
-216.9596
245.7749
370.55173
7.184906
340.91455
-128.78568
20.856277
-64.58411
-166.15718
-200.13048
-227.08398
-91.53218
-432.08148
-396.1704
128.78568
-20.856277
64.58423
256.10455
-214.40877
257.27686
355.17697
10.649994
360.4729
-128.16255
20.43718
-65.95215
-158.03639
-204.83305
-233.49683
-80.295876
-439.35324
-397.58984
128.16257
-20.43718
65.95203
248.4645
-209.39934
270.6825
348.56482
11.624954
381.2284
-126.77351
21.25325
-68.298584
-151.70093
-217.71767
-246.56543
-58.473206
-455.94128
-400.22375
126.77353
-21.25325
68.298584
239.54868
-214.48297
280.03125
327.47052
9.0407715
394.68384
-126.29868
21.377853
-69.16736
-151.25288
-208.90698
-241.3346
-55.38126
-445.7373
-393.87024
126.29868
-21.377853
69.16748
232.72636
-215.55853
291.64014
304.38947
8.812378
410.34375
-123.518196
22.92131
-73.38733
-151.49089
-206.53189
-245.81677
-52.576042
-442.17877
-397.40588
123.5182
-22.92131
73.38733
220.46358
-224.71709
289.17566
287.36108
1.8719025
409.4474
-120.73206
23.941818
-77.51221
-150.55458
-201.77066
-246.98486
-52.832863
-437.15442
-399.36646
120.73206
-23.941818
77.51221
210.31725
-240.22148
289.23682
270.09692
-7.6106415
406.51172
-118.98878
23.12416
-80.45422
-149.58974
-200.74164
-250.27917
-50.0933
-436.6543
-400.46533
118.98878
-23.12416
80.4541
206.31654
-255.90303
288.3098
253.0649
-17.707413
402.20264
-117.30205
22.422607
-83.12329
-156.1669
-201.62383
-253.68762
-51.799095
-436.63123
-401.79553
117.30206
-22.422607
83.12341
209.18832
-252.66916
284.30798
235.683
-24.998749
421.2345
-117.6286
20.675812
-83.17676
-159.40584
-194.77399
-246.04688
-55.79951
-430.7157
-393.20068
117.6286
-20.675812
83.17676
210.62996
-245.8278
272.99634
240.01483
-23.042923
418.27222
-119.10481
18.025604
-81.65991
-168.8694
-202.52701
-243.40271
-62.750675
-434.98898
-394.1615
119.10481
-18.025604
81.65991
238.77527
-229.18443
250.93799
265.814
-10.519882
403.38135
-124.45235
14.817184
-73.296265
-181.09059
-212.49205
-230.33923
-77.08588
-440.5387
-388.8888
124.45235
-14.817184
73.296265
291.23462
-192.8868
218.2555
318.41437
25.814346
370.17273
-129.73492
10.666183
-63.69519
-194.24846
-222.7569
-210.37659
-101.33045
-443.90924
-383.80408
129.73492
-10.666183
63.69519
341.56342
-127.44389
153.11084
367.28394
97.593185
299.5332
-135.94646
7.769684
-47.36731
-202.5422
-223.36899
-178.23987
-130.04741
-440.92123
-364.42053
135.94644
-7.769684
47.36731
373.12967
-47.002
77.21765
399.74173
195.35728
196.46094
-140.44208
0.53982544
-29.641846
-209.44986
-247.08609
-159.30933
-158.01913
-460.29553
-356.70007
140.44208
-0.53982544
29.641846
377.1202
15.116611
-8.407227
414.38843
272.86206
67.82483
-142.59674
-7.018158
-12.165649
-213.27246
-257.6651
-127.315186
-181.52698
-468.11902
-331.8142
142.59673
7.018158
12.165649
364.6515
68.3044
-84.638916
410.3739
334.93787
-67.17053
-142.60947
-13.311935
4.7564697
-210.24098
-278.09198
-102.75134
-201.10559
-487.6481
-310.28845
142.60948
13.311935
-4.7564697
348.59775
91.467155
-151.62024
396.70023
358.01254
-191.53723
-141.31897
-18.986664
18.059692
-204.25769
-287.09467
-78.773315
-214.9808
-500.21063
-282.76428
141.31898
18.986664
-18.059692
333.22253
101.24891
-207.5581
379.80933
357.49634
-300.39905
-139.13766
-21.296158
30.737915
-195.1703
-291.79395
-59.564697
-221.93312
-509.68
-257.28638
139.13765
21.296158
-30.737915
317.65466
104.999405
-249.11572
361.1718
350.41437
-377.71387
-137.74118
-22.558517
37.96936
-189.7344
-292.03326
-45.740723
-224.58249
-514.5126
-237.68286
137.74121
22.558517
-37.96936
306.91537
105.550575
-276.68726
347.07245
343.62256
-427.72546
