-118.45006
16.70815
141.1221
-365.88037
24.026659
369.33002
-365.99338
323.85724
359.24954
118.450134
-16.70815
-141.12189
128.51462
-320.7154
-218.95709
63.50963
-599.4676
-308.799
-140.48312
16.873774
119.18382
-450.6307
51.737507
258.94287
-456.7632
349.6515
224.16278
140.4832
-16.873758
-119.1836
156.5217
-323.48187
-188.92378
112.198326
-607.058
-276.21652
-160.3259
15.561836
90.98584
-487.1581
85.724205
116.22777
-502.1945
376.3719
43.44153
160.32584
-15.5618515
-90.98608
175.13303
-322.24655
-156.92966
146.87103
-608.0912
-243.49803
-174.2404
14.9293785
60.352295
-477.12772
113.74381
-19.856377
-512.4928
387.81232
-136.6286
174.2404
-14.9293785
-60.352295
200.09532
-322.24197
-120.75164
185.63431
-603.82043
-223.24277
-178.47241
14.382818
46.537575
-461.144
123.481514
-69.80623
-503.64282
385.66125
-209.2897
178.47244
-14.382833
-46.53734
206.75775
-322.84357
-100.0786
200.41425
-603.6367
-205.5062
-184.74406
9.727844
-3.080368E-4
-400.2498
119.00888
-201.08232
-453.7747
327.6867
-409.86127
184.74408
-9.727829
6.747246E-5
211.49026
-320.9176
-36.771564
225.89005
-600.007
-145.86668
-184.8548
7.3279862
1.3160706E-4
-394.12064
130.7169
-189.01013
-498.45526
297.22293
-415.70383
184.85483
-7.327971
1.0681152E-4
216.68193
-317.13745
-52.84869
217.52977
-602.22266
-146.26001
-184.9923
1.6881458
-3.8146973E-6
-405.95593
113.15063
-188.54517
-531.37256
256.22745
-420.49283
184.9923
-1.6881458
3.8146973E-6
212.01521
-313.9246
-41.966644
210.61847
-600.21875
-131.59769
-184.97566
-3.0015576
3.8146973E-6
-406.16235
106.695496
-188.83917
-537.76917
228.13768
-429.52856
184.97563
3.0015576
3.8146973E-6
211.90552
-310.22913
-38.92498
202.06041
-597.5304
-124.721565
