-86.50906
19.361015
162.3772
-210.9836
-34.57586
449.31378
-252.65825
262.1656
463.72684
86.50917
-19.361015
-162.37698
83.879486
-320.25037
-247.4096
17.849228
-600.291
-332.36383
-104.81362
21.482498
150.9226
-310.6666
2.8496659
409.37045
-359.12274
298.64212
396.76785
104.813736
-21.482483
-150.9224
115.63443
-325.0998
-227.9039
55.630646
-601.9358
-326.7036
-129.92766
22.061808
129.83481
-406.3412
29.435715
314.18918
-456.1156
319.9732
258.41763
129.92767
-22.061823
-129.83481
143.2181
-328.96182
-195.27339
97.26038
-604.4745
-304.72952
-144.24329
20.361727
114.03635
-462.03378
60.04339
200.27966
-522.48267
339.16846
108.436676
144.24338
-20.361742
-114.03612
162.10606
-328.0515
-174.56163
136.14673
-609.2932
-275.7011
-154.79991
20.38669
99.2289
-479.2891
65.07359
134.7193
-543.3798
338.32184
28.758049
154.79991
-20.38669
-99.2289
172.84668
-328.24646
-157.94171
152.04974
-611.4319
-254.75856
-166.85892
19.33624
77.5191
-477.66025
82.770294
20.537086
-555.6169
327.08826
-135.12756
166.85892
-19.33624
-77.5191
192.75749
-327.18774
-132.0474
173.53668
-613.1377
-220.72215
-178.08195
17.885159
46.818027
-450.72696
94.84203
-92.06947
-532.46857
295.38028
-299.6814
178.08195
-17.885159
-46.818268
211.68808
-325.92065
-95.41326
194.76025
-610.8587
-187.73746
-184.35422
14.484665
5.358095
-415.1467
84.41839
-194.1366
-481.43323
250.31586
-435.14307
184.35426
-14.484679
-5.357856
227.26332
-322.66205
-53.10575
222.42155
-607.8928
-145.94946
-184.5851
12.38299
1.6212463E-4
-409.9314
78.72571
-206.02393
-490.44348
193.77243
-471.13156
184.5851
-12.38299
-1.6212463E-4
229.61946
-321.7508
-44.43118
230.38712
-608.9719
-131.05363
