-143.89496
11.723358
-20.854614
-143.8948
-258.60297
-20.854614
-143.89941
-528.92896
-20.85498
143.89497
-11.723358
20.854614
209.24985
-304.26825
-8.535034
400.31854
-362.37128
-223.17664
-143.45398
13.196152
-22.856812
-143.45381
-257.13013
-22.856812
-143.45842
-527.4562
-22.857178
143.45398
-13.196152
22.856812
209.28229
-303.41138
0.82177734
424.44812
-311.33252
-189.46399
-142.53279
15.222778
-26.712769
-142.53262
-255.10352
-26.712769
-142.53723
-525.42957
-26.713013
142.53279
-15.222778
26.712769
219.94276
-300.23862
16.302856
449.8762
-251.59543
-140.77307
-141.78879
16.855194
-29.561401
-141.7886
-253.47108
-29.561401
-141.79321
-523.79706
-29.561646
141.78879
-16.855194
29.561401
233.99219
-294.09137
32.76111
466.06534
-187.16411
-75.565796
-140.63506
18.883713
-33.445435
-140.63489
-251.44258
-33.445435
-140.6395
-521.7686
-33.44568
140.63506
-18.883713
33.445435
249.58942
-283.5943
46.58606
477.73883
-137.36845
-22.317749
-140.12845
19.812744
-35.171143
-140.1283
-250.51353
-35.171143
-140.1329
-520.8396
-35.171387
140.12845
-19.812744
35.171143
265.8541
-270.25128
76.09155
474.85242
-87.66301
47.952393
-138.733
21.28218
-39.41797
-138.73283
-249.0441
-39.41797
-138.73744
-519.3701
-39.418213
138.733
-21.28218
39.41797
278.58322
-250.212
110.51611
462.56747
-41.73529
124.75806
-136.8393
23.31192
-44.373413
-136.83913
-247.01436
-44.373413
-136.84373
-517.3404
-44.373535
136.8393
-23.31192
44.373413
280.7183
-241.75606
140.81897
436.4353
-15.926224
195.26086
-132.83026
26.11438
-53.229004
-132.8301
-244.21193
-53.229004
-132.8347
-514.53796
-53.229126
132.83026
-26.11438
53.229004
269.67035
-233.98756
179.46826
399.81958
3.5138855
256.93555
-131.33185
26.99855
-56.82898
-131.3317
-243.32776
-56.82898
-131.3363
-513.65375
-56.8291
131.33185
-26.998535
56.828857
245.92282
-242.46185
214.1311
356.02176
-3.1833496
311.28784
-129.20413
27.512405
-61.39917
-129.20395
-242.8139
-61.39917
-129.20856
-513.1399
-61.399292
129.20412
-27.51242
61.399048
227.61829
-257.21185
231.48206
316.2357
-23.053223
349.2445
-125.16835
29.406815
-68.22632
-125.16818
-240.91946
-68.22632
-125.17279
-511.2455
-68.22644
125.168365
-29.4068
68.22632
210.18996
-275.68906
246.60474
275.5434
-34.08777
360.97754
-121.5815
31.30574
-73.67493
-121.58133
-239.02054
-73.67493
-121.58594
-509.3466
-73.67505
121.5815
-31.305725
73.67493
201.98643
-273.06717
251.70227
235.85275
-46.24495
378.34485
-117.81459
32.186996
-79.2207
-117.81442
-238.1393
-79.2207
-117.81903
-508.46527
-79.220825
117.81459
-32.186996
79.22058
190.79301
-273.12604
248.6471
215.29851
-54.4346
396.39465
-114.912506
30.418152
-84.10327
-114.91234
-239.90813
-84.10327
-114.91695
-510.2342
-84.10339
114.91252
-30.418152
84.10327
193.89989
-261.10846
252.40771
191.2286
-39.07692
399.4131
-114.121796
28.044968
-86.161865
-114.12163
-242.28133
-86.161865
-114.126236
-512.6073
-86.16199
114.12178
-28.044968
86.161865
199.66699
-244.69029
241.15222
184.40936
-15.828033
382.13098
-116.32144
21.719223
-84.917725
-116.32127
-248.60706
-84.917725
-116.32588
-518.93304
-84.91785
116.32145
-21.719223
84.917725
250.69203
-214.43266
218.6427
185.20363
-5.5007324
377.18298
-120.89223
16.9095
-79.19507
-120.89206
-253.41681
-79.19507
-120.89667
-523.74286
-79.19519
120.89223
-16.9095
79.19507
287.03296
-181.59724
195.07861
233.33344
41.656143
329.57446
-127.70283
10.559021
-67.76453
-127.70266
-259.76727
-67.76453
-127.70727
-530.09326
-67.76453
127.702835
-10.559021
67.76453
328.4124
-114.512375
128.40149
269.81876
117.0219
254.17493
-136.18567
-3.3134308
-37.343872
-136.18552
-273.6397
-37.343872
-136.19012
-543.96576
-37.343872
136.18568
3.3134308
37.343872
298.27103
-52.72218
17.505371
289.59946
240.68059
92.604004
-138.68425
-9.741333
-2.70813
-138.68408
-280.06763
-2.70813
-138.68869
-550.3936
-2.70813
138.68423
9.741333
2.70813
297.90063
25.810734
-100.6886
298.03943
324.90894
-70.3584
-138.9181
-15.274139
17.838135
-138.91794
-285.60043
17.838135
-138.92255
-555.92645
17.838135
138.9181
15.274139
-17.838135
280.89105
61.7918
-200.26624
286.81332
354.76813
-237.46716
-138.36758
-18.114899
30.501587
-138.36743
-288.4412
30.501587
-138.37204
-558.7672
30.501587
138.36758
18.114899
-30.501587
259.35245
67.681366
-271.72522
268.81253
337.94592
-377.62134
-137.88824
-18.817444
37.781006
-137.88809
-289.14374
37.781006
-137.8927
-559.4697
37.781006
137.88828
18.817444
-37.781006
235.96237
54.261383
-312.89526
247.78772
287.47208
-479.10083
