-184.96867
-3.4040003
-4.7683716E-5
-221.36429
-313.0143
-62.344494
-154.9813
-592.90015
-147.53392
184.96867
3.4040153
4.7683716E-5
506.53107
-76.65764
54.468372
530.60284
220.21974
90.30634
-184.89098
-6.349931
2.3841858E-5
-225.6851
-315.39825
-64.05768
-162.98471
-595.13525
-152.46503
184.89099
6.3499155
-2.4795532E-5
518.2334
-46.9089
0.8018875
528.20044
250.00735
42.531754
-184.65816
-11.24117
-4.339218E-5
-229.02945
-320.47528
-58.673214
-161.61533
-599.03564
-147.3267
184.65814
11.24117
4.386902E-5
520.0014
-11.939846
-40.83435
507.1649
287.38116
-25.272736
-184.52667
-11.716356
6.13455
-234.89328
-321.5238
-46.70285
-176.35695
-600.3057
-140.79929
184.52666
11.716372
-6.1347895
509.50443
3.187194
-96.750916
487.57193
302.04117
-111.07828
-182.00418
-10.664685
31.396437
-234.36278
-322.44482
-2.962761
-189.47073
-600.1127
-107.29521
182.00415
10.6647
-31.396675
483.64902
11.251854
-180.25085
450.80026
307.59622
-213.43195
-173.31154
-9.367709
64.03391
-234.09427
-321.0207
40.81742
-198.65974
-597.35846
-70.45628
173.31151
9.367709
-64.03415
421.66873
36.670803
-277.78125
380.02246
328.1408
-335.32114
-161.66483
-8.162828
89.570465
-231.84666
-318.3159
70.34638
-199.66937
-593.5425
-44.609787
161.66489
8.162813
-89.57023
347.40457
40.387547
-348.99765
290.74722
325.7334
-422.26212
-149.35667
-7.034469
108.94073
-218.28682
-316.74863
93.82487
-190.13167
-588.4498
-30.214432
149.3566
7.0344844
-108.940956
291.69946
29.194769
-395.7459
223.67018
299.29214
-507.18832
-133.40077
-5.3646736
128.06433
-210.68289
-312.98486
108.464195
-194.04472
-586.8052
-12.967323
133.40088
5.364689
-128.06412
220.5026
27.812223
-430.37897
121.76886
273.31345
-571.73236
