-84.52188
15.459395
163.83546
-304.69855
-53.6641
402.73615
-364.33228
239.37521
426.64838
84.52188
-15.459395
-163.83546
80.232574
-311.73346
-257.51288
13.860245
-590.29236
-346.95355
-120.35779
17.849556
139.35703
-403.2155
-14.807984
317.61435
-474.802
275.07657
288.59125
120.35769
-17.84954
-139.35724
129.48808
-320.0126
-213.68167
82.859695
-593.8563
-326.9751
-139.86484
16.77126
119.92313
-461.5829
24.252697
198.06772
-535.40405
310.0683
144.58994
139.86484
-16.77126
-119.92312
149.54564
-321.00314
-179.91513
126.49521
-600.74615
-285.80426
-154.7593
16.510223
100.00995
-477.8136
54.522125
95.43852
-563.28595
330.67407
15.222687
154.75937
-16.510223
-100.00972
174.06628
-322.48813
-149.82953
158.27301
-601.9313
-257.82068
-167.23035
15.227768
77.63461
-473.6913
68.63628
-1.590805
-568.46564
324.599
-126.093445
167.2304
-15.227768
-77.63437
195.49571
-322.36386
-122.39972
185.66502
-604.79974
-223.06409
-174.98814
12.955195
58.62014
-456.99835
58.36766
-78.957565
-548.90436
293.29382
-241.32442
174.98814
-12.95518
-58.62014
212.17654
-320.58646
-99.235825
213.12515
-607.75757
-186.02219
-183.11726
11.497927
23.682423
-424.22147
51.87437
-173.34642
-505.20383
223.89867
-405.4014
183.11725
-11.497927
-23.68266
222.63864
-319.99814
-61.5829
237.60983
-606.016
-150.8558
-184.293
10.456645
12.318825
-416.47903
43.249176
-194.11885
-492.73956
187.16237
-446.058
184.29301
-10.456645
-12.318586
220.70938
-319.71594
-50.939957
240.92317
-605.02277
-141.44637
-184.81956
8.168021
1.6260147E-4
-415.36093
28.172544
-208.7105
-489.83093
112.41968
-486.84113
184.8196
-8.168006
-1.6307831E-4
217.15646
-317.30295
-46.231724
238.18475
-603.9022
-132.36363
