-137.19208
6.7920685
-48.260986
-187.83334
-241.54372
-185.85449
-140.37413
-467.11682
-372.7224
137.19208
-6.7920685
48.260986
356.26694
-127.50094
115.76721
407.58072
158.81789
172.1278
-137.0122
6.6019745
-48.802612
-189.78317
-239.635
-183.22351
-142.80371
-465.63263
-369.70654
137.0122
-6.6019745
48.802612
353.61118
-126.88599
117.276
402.7557
159.54968
176.63147
-137.05984
6.3760986
-48.705566
-191.04903
-242.17796
-184.24634
-143.70973
-468.68903
-370.01672
137.05984
-6.3760986
48.705566
354.05334
-122.874504
118.48181
398.66876
165.61513
176.73389
-137.00955
6.161804
-48.87744
-190.74155
-241.80998
-183.73706
-141.15756
-468.4437
-368.75952
137.00955
-6.161804
48.87744
353.49484
-125.16057
119.27869
395.48767
163.89455
177.91833
-136.90598
6.029419
-49.18445
-190.59189
-239.40593
-183.05505
-140.05692
-466.45966
-367.30872
136.90596
-6.029419
49.18445
352.63223
-124.71842
119.95154
395.9324
164.71169
179.70422
-136.8761
6.6743317
-49.181885
-191.79092
-239.93279
-184.4646
-139.94257
-466.70856
-368.69775
136.87608
-6.6743317
49.181885
351.3143
-124.33295
120.43945
395.4711
164.59589
182.58545
-136.81451
6.981308
-49.312256
-190.905
-244.36005
-186.61768
-138.52754
-471.44598
-370.3224
136.81451
-6.981308
49.312256
351.31238
-129.98064
120.63037
396.8517
157.65364
185.56885
-136.39557
7.9038544
-50.30542
-190.48804
-238.24136
-184.24231
-140.19244
-466.74286
-366.75244
136.39557
-7.9038544
50.30542
350.7385
-133.32272
120.60913
397.6895
152.48677
191.97437
-135.69714
8.532028
-52.0343
-190.93594
-234.14328
-185.02942
-140.47398
-463.28058
-366.70398
135.69714
-8.532028
52.0343
348.28125
-132.26184
126.9812
390.10425
153.42656
202.03015
-134.6498
9.225342
-54.526245
-190.07787
-230.92155
-186.73816
-141.93513
-462.09476
-366.42285
134.6498
-9.225342
54.526245
345.36783
-132.40283
138.58337
377.877
151.10962
218.20825
-133.75894
9.495209
-56.630493
-189.23877
-233.09488
-191.59692
-142.56036
-467.14514
-367.87256
133.75893
-9.495209
56.630493
338.33127
-146.31386
148.5509
375.8577
133.1873
233.46106
-132.84283
10.006256
-58.662354
-189.41345
-231.12265
-192.2948
-145.80405
-468.66357
-364.57837
132.84283
-10.006256
58.662354
330.32162
-154.93784
160.27844
362.0837
120.5452
254.68262
-132.01852
9.959396
-60.511597
-188.96298
-228.30661
-188.44592
-150.79755
-469.67584
-356.54675
132.01851
-9.959396
60.511597
325.92432
-154.20062
175.3695
351.03424
114.76962
284.05896
-132.85233
8.262222
-58.908813
-188.47209
-230.80162
-184.54016
-152.01804
-475.04388
-348.8849
132.85233
-8.262222
58.908813
324.65613
-152.60818
178.96106
338.49042
107.051544
306.17395
-133.47675
6.964905
-57.666992
-188.00162
-233.29636
-177.90466
-149.32428
-476.65497
-343.13538
133.47675
-6.964905
57.666992
333.7801
-143.24757
170.07202
340.83987
114.781876
301.04956
-135.05057
2.9768677
-53.992188
-189.28705
-241.25052
-167.17139
-151.35736
-483.46454
-334.29224
135.05057
-2.9768677
53.992188
346.1814
-120.741425
149.36938
346.90955
136.01169
283.75293
-137.26285
-1.7453461
-47.6344
-192.0723
-256.17136
-153.92029
-155.49191
-497.1939
-323.0692
137.26285
1.7453461
47.6344
364.33963
-90.40469
111.28186
359.3283
167.31
243.99597
-140.2691
-9.456696
-33.504272
-196.19592
-262.98636
-120.09216
-168.02234
-502.74338
-292.40588
140.2691
9.456696
33.504272
371.36102
-33.9301
46.116455
364.27893
229.64883
170.64209
-142.00302
-16.278465
-16.572632
-193.27618
-295.94827
-94.20178
-175.71289
-535.1614
-268.46423
142.00302
16.278465
16.572632
370.87537
7.8975296
-26.917969
367.74588
279.52954
86.39026
-140.86646
-23.87709
4.7025146
-192.18188
-295.3683
-52.65149
-183.88817
-537.0542
-224.11426
140.86646
23.87709
-4.7025146
349.94922
59.5399
-99.0249
355.68866
341.94394
0.13635254
-137.84482
-27.88182
24.687866
-181.80713
-318.82733
-23.886719
-188.8883
-562.8387
-191.58704
137.84482
27.88182
-24.687866
324.02084
70.410904
-165.29419
328.7787
359.70844
-124.633545
-130.92786
-29.571854
47.1073
-171.29251
-330.95807
6.464966
-194.00656
-577.7323
-155.3634
130.92786
29.571854
-47.1073
287.93427
68.390564
-215.71228
294.0408
350.34592
-251.49292
-118.12668
-30.874031
71.1333
-161.45801
-327.2619
47.70874
-195.54973
-569.21893
-119.45947
118.12666
30.874039
-71.1333
245.53477
77.05701
-258.62354
255.60263
336.52222
-365.54712
-111.22688
-27.37651
84.923096
-152.47746
-330.55548
61.855713
-190.00876
-578.6765
-95.42078
111.22688
27.37651
-84.923096
209.18355
76.882126
-298.14722
215.89388
308.10504
-459.83264
