-181.35445
3.6756287
50.454834
-437.17218
-174.79376
88.552246
-601.48987
125.128525
122.45972
181.35446
-3.6756287
-50.45508
277.53845
-336.7671
-103.76367
295.40262
-675.9725
-247.67285
-184.30148
6.9001007
37.309082
-454.3896
-147.00452
28.23413
-584.81067
170.10309
52.66382
184.3015
-6.9000854
-37.309082
271.79303
-354.33698
-90.01587
287.53894
-696.2447
-233.98096
-186.04788
10.977432
26.083984
-466.20755
-92.932976
-38.837646
-554.41864
237.71304
-5.4665527
186.04788
-10.977417
-26.08374
267.45947
-362.8969
-62.855957
283.81982
-705.3834
-202.11328
-186.80359
14.774628
18.314453
-471.94836
-41.202057
-82.141846
-515.05
297.73947
-43.770264
186.80357
-14.774628
-18.314209
262.92938
-365.67313
-23.473389
282.25854
-711.60547
-148.2268
-185.93349
18.600769
-13.998779
-449.10733
-0.9376373
-164.70752
-457.29593
339.53827
-135.13696
185.9335
-18.600784
13.998779
256.93256
-376.21265
-4.52417
280.4115
-720.1201
-116.24487
-181.82484
18.588425
-41.207275
-419.82788
59.968857
-231.23975
-394.04318
398.49426
-185.77002
181.82486
-18.588425
41.20703
239.8504
-394.3796
26.37085
266.04495
-731.13947
-77.26758
-181.34874
16.58548
-45.98755
-405.29105
84.14497
-253.99658
-361.2187
422.12384
-217.89893
181.34872
-16.58548
45.987793
227.71326
-393.55423
54.861816
262.19577
-733.02954
-48.026367
-167.83307
16.796478
-80.614746
-333.61108
131.60957
-338.74854
-237.62677
462.01447
-345.31738
167.83305
-16.796463
80.6145
208.46196
-400.45685
82.39697
244.35567
-743.6844
-6.6884766
-151.01791
16.324585
-108.83374
-262.38617
155.28868
-397.7727
-140.2159
469.24548
-472.40356
151.01791
-16.3246
108.83374
196.7146
-408.48956
94.033936
235.86328
-742.4877
4.810547
