-39.585106
2.7408557
180.69461
-25.45671
-40.579906
481.448
-16.701828
256.03247
525.54425
39.585274
-2.7408557
-180.69443
15.360794
-292.13943
-302.8629
-80.84119
-569.09625
-366.42462
-54.7118
6.321748
176.61157
-86.39978
-20.366964
483.74115
-82.005554
279.13687
500.41837
54.711807
-6.321763
-176.6116
37.16411
-300.32867
-288.8331
-55.681747
-577.44165
-356.56836
-70.15997
8.430529
170.97217
-177.91078
15.066898
475.53503
-178.53142
315.06497
476.41138
70.159836
-8.430529
-170.97237
58.465065
-300.9836
-287.61096
-27.97519
-582.0555
-346.99683
-79.45868
7.2312684
166.91023
-268.40186
60.89997
430.36365
-267.72745
359.4994
401.41678
79.458694
-7.2312684
-166.91025
62.299217
-301.0166
-275.221
-20.590973
-583.6371
-332.27258
-103.42152
8.847275
153.13632
-358.85574
95.61324
345.33075
-354.50696
393.70312
311.8118
103.42163
-8.84729
-153.13612
89.271
-309.8091
-241.43602
20.626404
-590.8535
-320.821
-128.58871
10.901318
132.5561
-412.49976
125.84393
246.01932
-414.4349
419.54617
184.9026
128.5888
-10.901333
-132.55588
123.3886
-315.33563
-209.58394
60.974457
-594.74176
-299.2315
-146.23094
13.105899
112.55989
-440.396
148.2519
144.36494
-468.7757
434.5705
59.416405
146.23088
-13.105913
-112.56012
152.3735
-318.13855
-188.2178
98.57636
-602.4242
-267.51175
-156.3102
13.404341
98.04306
-442.86444
154.75592
71.94098
-479.34277
434.8268
-29.200584
156.3102
-13.404356
-98.04306
162.7996
-317.89148
-175.79994
114.631256
-602.8397
-256.32513
-173.2456
12.683563
63.640358
-424.94672
165.81693
-47.150085
-482.06976
417.44568
-200.18576
173.24564
-12.683563
-63.64012
184.44557
-319.25726
-135.4418
144.36539
-602.8505
-224.70792
