-172.13837
-16.80731
65.65738
-216.59682
-330.48557
41.310944
-176.05252
-609.0859
-62.31341
172.13832
16.80731
-65.657616
444.68588
46.083817
-243.95248
431.403
342.6396
-287.29095
-158.88132
-14.652448
93.63237
-208.14166
-328.1585
79.527084
-186.08289
-606.0775
-31.262981
158.88127
14.652448
-93.6326
371.1571
58.55369
-327.00037
341.79602
346.14856
-407.16962
-139.88403
-13.680177
120.29264
-204.55898
-325.28555
114.3133
-193.4259
-600.8334
-3.7944946
139.88402
13.680191
-120.29263
280.0358
63.27144
-390.47174
224.71208
332.72998
-510.1855
-132.47867
-13.768792
128.39316
-197.65761
-324.96368
124.63196
-189.82036
-599.34094
3.5711136
132.47858
13.768792
-128.39337
251.1247
55.690662
-407.4489
185.22977
313.5994
-545.79974
-121.2994
-12.110141
139.1574
-183.10507
-323.0855
135.82452
-182.52217
-597.42834
14.43401
121.2993
12.110126
-139.15762
203.9482
34.565254
-434.17392
113.07692
269.96945
-596.4308
-100.66492
-9.597275
154.9176
-160.14362
-320.60492
149.41446
-172.14435
-593.97485
26.43118
100.66492
9.597275
-154.9176
140.52995
23.375917
-457.35858
30.200104
235.3948
-638.67413
-86.126625
-6.5124817
163.59943
-134.37682
-320.09824
154.75911
-169.00584
-594.69995
39.023613
86.12648
6.512497
-163.59961
105.49306
7.4406986
-466.42212
-35.92514
195.11649
-652.9126
-72.26683
-2.6207602
170.28098
-115.64285
-317.45465
177.60071
-167.34158
-587.171
56.851772
72.26671
2.6207602
-170.28117
84.55681
-10.726041
-474.23096
-81.56583
149.59402
-665.80536
-75.979935
-2.5425608
168.65819
-120.0551
-316.30487
194.81238
-166.4467
-585.1538
70.04024
75.979935
2.5425608
-168.65819
82.40227
-11.092908
-475.38812
-85.97743
111.731926
-691.1711
